         gpa         gre  		 admit
0   3.177277  594.102992             0
1   3.412655  631.528607             0
2   2.728097  553.714399             0
3   3.093559  551.089985             0
4   3.141923  537.184894             0
5   3.599108  442.763567             0
6   3.238972  667.472189             0
7   3.420177  561.713905             0
8   3.562482  590.340371             0
9   3.910495  463.470183             0
10  3.264341  636.453166             0
11  3.308623  604.405558             0
12  3.018922  567.714830             0
13  3.151834  503.307298             0
14  3.298133  628.178205             0
15  2.652201  644.300261             0
16  3.115603  533.479810             0
17  3.105242  562.939715             0
18  3.212380  545.878970             0
19  3.010654  537.029102             0
20  3.520870  534.127500             0
21  2.907485  532.514699             0
22  3.014995  472.636769             0
23  3.400368  693.314506             0
24  2.848408  390.363563             0
25  3.443319  629.367403             0
26  3.242584  648.493892             0
27  3.122304  714.245338             0
28  2.621257  622.092646             0
29  2.782772  585.699533             0
30  2.705202  580.691540             0
31  2.957306  620.739871             0
32  3.403424  599.537623             0
33  3.354183  604.588590             0
34  2.792632  578.129224             0
35  3.393302  614.052755             0
36  3.531761  478.948891             0
37  3.660035  572.104295             0
38  3.312290  575.797036             0
39  2.941453  632.751503             0
40  3.197953  509.820650             0
41  3.080794  567.644024             0
42  3.317480  508.360911             0
43  3.561178  547.843930             0
44  3.040222  641.412231             0
45  3.093928  643.814782             0
46  3.088540  593.105304             0
47  2.830828  475.697682             0
48  3.205333  566.913704             0
49  2.695294  675.990887             0
50  3.179027  518.262884             0
51  3.231029  581.471839             0
52  2.737658  687.348580             0
53  2.929494  580.285893             0
54  3.480262  497.196442             0
55  3.668731  521.067909             0
56  2.824548  548.955966             0
57  3.434117  547.904473             0
58  3.037244  538.850119             0
59  2.953116  590.745298             0
60  3.471191  603.041169             0
61  3.049961  602.001883             0
62  2.697763  536.378646             0
63  3.455818  546.030157             0
64  3.742056  618.428223             0
65  3.481769  619.293122             0
66  3.027542  595.457519             0
67  2.811849  502.334898             0
68  3.542400  548.166126             0
69  2.961642  641.397957             0
70  3.540527  484.058615             0
71  3.691417  496.273937             0
72  3.116568  650.321216             0
73  2.755856  693.451548             0
74  3.749812  541.426663             0
75  3.374212  635.903337             0
76  3.073759  653.992282             0
77  3.737270  536.243861             0
78  3.235723  455.925155             0
79  2.804511  673.406296             0
80  3.278169  633.001482             0
81  2.829533  538.092052             0
82  3.230802  628.416110             0
83  3.449042  620.180935             0
84  2.698461  581.686027             0
85  3.336941  489.931757             0
86  2.822865  589.614818             0
87  3.059940  477.230992             0
88  3.265315  532.564575             0
89  3.036726  562.163269             0
90  3.498628  632.133663             0
91  3.519354  502.685394             0
92  2.771824  549.111663             0
93  3.310185  505.381002             0
94  3.305590  578.627737             0
95  3.095237  499.983145             0
96  3.168852  632.201092             0
97  3.629889  559.226511             0
98  3.329991  663.436867             0
99  2.916654  661.170680             0
100  3.234566  656.907001             0
101  2.177100  623.303559             0
102  3.405693  673.922493             0
103  3.691393  540.130467             0
104  3.102267  680.163115             0
105  2.794489  697.785737             0
106  3.465695  578.830098             0
107  3.231726  588.152933             0
108  3.343907  627.396574             0
109  3.285823  528.973583             0
110  2.913136  630.909879             0
111  3.011533  578.212886             0
112  3.343741  494.847425             0
113  3.297389  634.805427             0
114  2.988720  603.901588             0
115  3.337510  569.982835             0
116  3.220292  680.028661             0
117  3.219669  483.761856             0
118  3.276203  627.441059             0
119  3.283399  544.426479             0
120  2.786719  564.384927             0
121  2.799225  654.216375             0
122  3.085012  594.876306             0
123  3.119102  548.824829             0
124  3.385732  582.535366             0
125  3.122795  649.299034             0
126  3.430906  419.750194             0
127  2.974989  623.397558             0
128  3.467073  604.016912             0
129  3.444416  473.504579             0
130  2.968178  541.730605             0
131  2.904997  607.113067             0
132  3.018096  501.588105             0
133  3.474318  661.969399             0
134  2.902249  667.738538             0
135  3.019333  557.245992             0
136  3.136414  594.983239             0
137  3.284219  744.157666             0
138  3.788717  531.105701             0
139  3.123864  610.015117             0
140  3.250496  596.057868             0
141  3.170516  554.415250             0
142  3.497400  696.870625             0
143  3.485599  623.116008             0
144  2.687906  540.035697             0
145  2.804895  544.943178             0
146  3.445072  577.154385             0
147  3.083064  578.246461             0
148  3.000161  533.211280             0
149  2.873149  649.539246             0
150  3.058432  705.901460             0
151  3.052047  635.292374             0
152  2.835886  734.272807             0
153  3.024913  586.947973             0
154  2.867291  600.364710             0
155  3.041057  680.420013             0
156  3.486988  473.207220             0
157  3.145549  451.139210             0
158  3.068724  714.981934             0
159  3.493951  687.432505             0
160  3.380544  490.083377             0
161  3.218202  684.068073             0
162  3.493462  476.273225             0
163  3.458794  573.097758             0
164  3.438709  548.339497             0
165  3.320750  716.173275             0
166  3.688981  644.864045             0
167  2.923581  622.524665             0
168  2.910620  619.392763             0
169  3.309876  518.257322             0
170  3.090762  609.377330             0
171  3.331254  539.342994             0
172  3.207277  556.465698             0
173  2.932147  564.798764             0
174  3.120778  593.747164             0
175  3.266024  574.156664             0
176  3.337680  540.445177             0
177  3.078253  528.551461             0
178  3.073865  483.030549             0
179  3.044987  564.255010             0
180  3.000827  579.834502             0
181  3.333380  513.555159             0
182  3.124173  566.266855             0
183  3.340564  612.263931             0
184  3.345809  607.419152             0
185  3.084969  642.561275             0
186  3.630973  554.415177             0
187  2.929009  612.312293             0
188  3.229678  563.682408             0
189  3.470677  551.874029             0
190  3.008434  438.537099             0
191  3.604055  553.272355             0
192  3.222918  557.419838             0
193  2.615362  548.965913             0
194  3.156370  652.341874             0
195  3.229056  568.576942             0
196  3.067959  540.056983             0
197  3.630557  540.813592             0
198  3.068445  597.544122             0
199  2.969204  648.303999             0
200  3.055598  686.667456             0
201  3.619504  463.774416             0
202  3.269049  614.237700             0
203  3.419984  497.657334             0
204  3.278014  612.646991             0
205  2.923772  672.785504             0
206  2.690019  640.154030             0
207  2.973904  561.087115             0
208  3.733697  524.504412             0
209  2.660526  611.935335             0
210  2.965011  693.397581             0
211  2.854747  532.298894             0
212  2.973886  646.922843             0
213  3.202666  576.551696             0
214  3.247795  518.556697             0
215  3.259123  614.700447             0
216  2.625307  582.835228             0
217  3.230624  546.274048             0
218  3.048872  473.778871             0
219  3.252544  678.615733             0
220  3.134656  675.286393             0
221  3.699875  493.920277             0
222  3.310074  471.581791             0
223  3.364396  624.524777             0
224  3.704223  514.045039             0
225  2.844566  703.043462             0
226  3.767447  565.906440             0
227  2.803930  561.591418             0
228  2.762243  572.187529             0
229  3.419234  547.609655             0
230  3.119762  558.010044             0
231  3.122052  571.955513             0
232  2.941825  598.214415             0
233  3.256223  542.845896             0
234  2.885002  510.426077             0
235  2.943825  535.580440             0
236  3.309465  538.928244             0
237  3.237353  643.485972             0
238  3.672263  643.989328             0
239  3.279092  636.202022             0
240  3.134272  572.108138             0
241  3.204655  638.971047             0
242  2.671251  560.458376             0
243  3.417615  656.628737             0
244  3.457738  702.344611             0
245  3.047945  631.940527             0
246  3.895526  647.839594             0
247  3.150400  514.180474             0
248  2.993313  494.688082             0
249  3.467048  571.414645             0
250  3.493100  540.809834             0
251  3.154255  416.192901             0
252  3.088198  695.089819             0
253  3.248228  620.370008             0
254  3.108220  617.103330             0
255  3.121694  531.391042             0
256  2.674040  599.895858             0
257  3.194040  593.005897             0
258  3.020869  627.673435             0
259  3.071072  548.374556             0
260  3.414036  577.665610             0
261  3.266654  612.612152             0
262  3.232388  533.307638             0
263  3.103706  634.104699             0
264  3.150268  444.223279             0
265  3.431849  561.588027             0
266  2.782338  558.012494             0
267  3.322520  583.861409             0
268  3.164031  598.900195             0
269  2.859058  485.142735             0
270  3.040767  749.832685             0
271  3.141668  508.969336             0
272  3.495587  658.965386             0
273  3.473826  584.491877             0
274  3.226954  450.288663             0
275  3.268196  691.260976             0
276  3.217732  672.613243             0
277  3.201273  478.432871             0
278  3.540320  555.027864             0
279  3.085859  503.932903             0
280  3.534691  467.459733             0
281  3.053863  729.928654             0
282  3.054115  546.787904             0
283  2.931774  602.766100             0
284  3.123534  601.712258             0
285  3.110348  689.990853             0
286  2.712046  552.958121             0
287  3.179448  565.950932             0
288  2.892133  573.380010             0
289  2.418143  573.553498             0
290  2.987973  651.673570             0
291  3.183651  675.172488             0
292  3.294160  518.021665             0
293  2.930621  671.618113             0
294  3.166885  486.666061             0
295  2.818878  539.380278             0
296  3.487243  539.756951             0
297  3.122478  599.264300             0
298  3.316165  628.225580             0
299  2.692225  795.114106             0
300  3.428633  543.063447             0
301  2.976056  622.877101             0
302  3.155785  624.002925             0
303  3.294071  645.584605             0
304  3.076003  680.951106             0
305  3.365772  599.959689             0
306  3.387413  508.510130             0
307  2.773214  527.161612             0
308  3.171177  497.847973             0
309  3.309070  407.818047             0
310  3.718315  602.845694             0
311  2.909880  629.596877             0
312  3.243188  665.619332             0
313  2.484329  599.484830             0
314  2.722736  529.451215             0
315  3.511414  589.376252             0
316  2.996058  715.851611             0
317  3.249892  490.932053             0
318  3.159249  674.508906             0
319  2.971741  640.628414             0
320  3.012033  639.403420             0
321  3.264834  616.628509             0
322  3.338932  585.244167             0
323  3.234734  586.992382             0
324  3.120419  655.062350             0
325  3.539818  557.101015             0
326  3.189320  595.602131             0
327  2.819317  633.127178             0
328  3.072290  519.906120             0
329  3.167267  572.843785             0
330  2.972292  644.223064             0
331  2.989888  561.785545             0
332  3.287633  496.568852             0
333  3.402700  667.270384             0
334  2.950833  555.094070             0
335  3.276403  577.900963             0
336  3.170932  565.224324             0
337  3.044940  574.172694             0
338  2.995996  555.261041             0
339  3.316704  502.478983             0
340  3.260019  662.107798             0
341  3.612613  563.161628             0
342  3.586435  552.492929             0
343  3.273972  532.502658             0
344  3.032155  526.415252             0
345  3.419179  570.788955             0
346  3.062965  707.617217             0
347  3.115330  585.744852             0
348  3.316142  480.037358             0
349  3.202372  481.429935             0
350  2.940777  588.604903             0
351  3.530598  586.149180             0
352  3.127032  625.595859             0
353  3.138326  490.909707             0
354  2.819195  415.405902             0
355  2.749544  639.758145             0
356  3.426465  589.238511             0
357  3.107382  600.151885             0
358  2.718207  541.374067             0
359  3.091501  638.814718             0
360  3.184187  683.380600             0
361  3.042815  605.017109             0
362  2.847933  597.167490             0
363  3.092351  656.186812             0
364  3.348772  605.968197             0
365  3.000885  598.541034             0
366  3.135158  568.428274             0
367  3.282647  601.910011             0
368  3.104177  653.825020             0
369  3.292225  587.697669             0
370  3.255931  621.267215             0
371  2.746944  529.966555             0
372  2.508368  559.729855             0
373  3.032667  659.921038             0
374  3.362795  501.218033             0
375  3.323115  666.035785             0
376  2.909667  604.484680             0
377  3.090280  633.975270             0
378  3.010066  583.515774             0
379  3.212669  658.612449             0
380  2.894841  555.032255             0
381  3.202438  610.796489             0
382  3.255069  593.183599             0
383  3.462877  577.736308             0
384  3.141309  650.050559             0
385  2.923036  560.093881             0
386  2.863590  568.316048             0
387  3.321899  543.174854             0
388  3.241255  446.629101             0
389  2.966608  627.629318             0
390  3.369027  681.242195             0
391  3.278142  661.888162             0
392  3.281487  651.131398             0
393  2.489852  585.515283             0
394  3.117591  588.716368             0
395  3.540252  524.670624             0
396  3.597078  497.733322             0
397  3.295049  528.194674             0
398  3.329859  583.959838             0
399  2.901479  499.261480             0
400  3.414376  704.934217             1
401  3.652733  662.854261             1
402  3.040573  730.135566             1
403  2.902209  664.938813             1
404  3.307681  715.000076             1
405  3.160208  664.148153             1
406  3.052436  661.401229             1
407  3.399581  649.482975             1
408  3.179445  730.248802             1
409  3.968276  621.354786             1
410  3.022044  614.554527             1
411  3.582525  574.138603             1
412  3.880944  628.912737             1
413  3.084990  617.237109             1
414  2.907652  657.092230             1
415  3.512116  653.744260             1
416  3.592226  653.278041             1
417  3.757647  678.265356             1
418  3.663140  649.348912             1
419  3.184699  790.894102             1
420  3.274542  625.609795             1
421  3.406306  750.943765             1
422  3.265542  624.291686             1
423  3.360308  662.980640             1
424  3.424274  677.555275             1
425  3.120921  608.994864             1
426  3.194858  696.135444             1
427  3.509810  635.468904             1
428  3.552490  667.320643             1
429  3.436390  685.574693             1
430  3.352374  668.034495             1
431  3.556059  589.044756             1
432  3.076127  742.856972             1
433  3.312396  647.094820             1
434  3.742518  593.281550             1
435  3.086840  720.697055             1
436  3.332232  612.573428             1
437  3.050905  742.377943             1
438  3.000446  628.060616             1
439  3.371170  643.340952             1
440  3.157379  726.880881             1
441  3.058745  669.374663             1
442  3.181360  777.796915             1
443  3.642110  589.729421             1
444  3.601719  650.417592             1
445  3.413308  603.242372             1
446  3.747203  620.451065             1
447  3.448206  546.646023             1
448  3.476921  713.373865             1
449  3.155456  784.729935             1
450  3.476967  647.362080             1
451  3.636404  694.623595             1
452  3.567595  591.399738             1
453  3.587519  694.360651             1
454  3.655778  575.461259             1
455  3.533454  633.328152             1
456  2.714441  612.685867             1
457  3.607530  585.281450             1
458  3.623912  430.964848             1
459  3.288242  674.060138             1
460  2.858359  720.143826             1
461  3.804744  681.492196             1
462  3.625503  606.370700             1
463  3.064387  659.915493             1
464  3.183203  595.195508             1
465  3.631865  561.211942             1
466  3.240548  780.034054             1
467  3.348166  604.252785             1
468  3.645978  749.877819             1
469  3.485072  562.043249             1
470  3.445888  710.063910             1
471  3.388859  571.722233             1
472  3.049572  738.680683             1
473  3.462221  633.122825             1
474  3.206377  759.037953             1
475  3.191516  712.020484             1
476  2.828973  716.308308             1
477  2.948423  677.900941             1
478  3.605846  721.321934             1
479  3.527588  479.212755             1
480  3.936366  560.642932             1
481  2.975316  601.392062             1
482  3.609120  645.406661             1
483  2.995007  648.248741             1
484  3.282830  622.961363             1
485  3.314999  687.730345             1
486  3.594541  661.634438             1
487  3.256471  601.859874             1
488  3.470824  647.706576             1
489  3.179946  617.568367             1
490  2.934967  611.606292             1
491  2.935238  658.993351             1
492  3.065996  772.107288             1
493  3.501320  587.943435             1
494  3.063861  626.018986             1
495  3.763281  701.220609             1
496  3.330791  646.715257             1
497  3.578242  595.016520             1
498  3.378299  688.248300             1
499  3.471712  733.549465             1
500  2.965277  665.958871             1
501  3.780530  577.110313             1
502  3.807618  617.107327             1
503  3.146822  525.343611             1
504  2.945185  594.709599             1
505  3.338037  779.435528             1
506  2.855785  709.689746             1
507  3.695104  652.875375             1
508  3.307257  607.524874             1
509  3.621675  646.153869             1
510  3.416776  778.116717             1
511  3.462106  691.774186             1
512  3.315944  698.117106             1
513  3.560369  787.090070             1
514  3.080444  566.852619             1
515  3.605576  570.617519             1
516  4.000000  544.159398             1
517  2.983736  714.828025             1
518  2.770605  695.273684             1
519  3.353993  764.430488             1
520  3.116341  704.727847             1
521  3.459693  781.542412             1
522  3.373970  636.575931             1
523  3.330053  723.472396             1
524  3.381851  658.239881             1
525  2.879124  659.555691             1
526  3.314590  738.257455             1
527  3.269801  684.722621             1
528  3.577178  632.256365             1
529  3.824678  732.246233             1
530  2.677698  671.372869             1
531  3.367606  658.277726             1
532  3.095929  734.340252             1
533  3.091111  593.466163             1
534  3.505770  590.571090             1
535  3.192920  695.767218             1
536  3.386732  526.996836             1
537  3.325837  642.954788             1
538  3.598454  626.424155             1
539  3.341486  592.148987             1
540  3.128130  581.611730             1
541  3.082641  701.457924             1
542  2.950244  694.083190             1
543  3.560415  631.733428             1
544  3.163068  592.303659             1
545  3.277949  720.062434             1
546  3.581406  559.764878             1
547  4.000000  574.482912             1
548  3.298076  771.875487             1
549  3.297922  800.000000             1
550  2.506390  700.304931             1
551  3.068853  754.171894             1
552  3.050429  649.759729             1
553  4.000000  677.899597             1
554  3.569040  699.737356             1
555  3.085631  571.505294             1
556  2.914923  795.182376             1
557  3.725919  641.372775             1
558  3.691227  570.622972             1
559  3.067876  699.319199             1
560  3.173245  739.460254             1
561  3.140864  736.597979             1
562  3.299799  542.285958             1
563  2.982478  500.380390             1
564  3.415594  597.697079             1
565  3.080983  696.948147             1
566  3.576925  648.411777             1
567  3.315794  573.236626             1
568  3.004008  610.556794             1
569  3.591271  673.552753             1
570  3.549322  645.261912             1
571  3.205237  752.190874             1
572  2.918736  636.190019             1
573  3.213047  742.725000             1
574  3.673019  649.650931             1
575  3.466368  800.000000             1
576  3.540150  615.932401             1
577  3.533927  652.331840             1
578  3.278989  709.564820             1
579  3.636720  597.825593             1
580  3.379220  590.787054             1
581  3.999329  553.349300             1
582  3.482522  722.773113             1
583  3.188329  711.261780             1
584  3.660709  635.724194             1
585  3.600823  619.672136             1
586  3.540076  670.036214             1
587  3.211390  700.946407             1
588  3.817265  620.428042             1
589  3.709951  580.006364             1
590  3.743524  616.073209             1
591  2.862711  654.140893             1
592  3.674243  637.922531             1
593  3.828586  679.943759             1
594  3.014846  774.615214             1
595  3.636186  616.525346             1
596  3.565736  634.175655             1
597  2.932025  800.000000             1
598  3.203221  726.309382             1
599  3.208536  737.168076             1
600  3.621650  689.847374             1
601  3.431330  750.688753             1
602  3.065215  674.458792             1
603  3.077075  713.399147             1
604  3.032122  764.790105             1
605  2.794908  759.054863             1
606  3.345487  721.471468             1
607  3.252482  662.340801             1
608  3.774355  717.463598             1
609  3.647134  736.683178             1
610  3.310672  670.372319             1
611  3.571314  597.688183             1
612  3.511204  618.929875             1
613  3.455577  767.477376             1
614  3.865961  758.201732             1
615  3.302553  650.450324             1
616  3.045052  711.235436             1
617  3.922458  593.824578             1
618  3.037396  665.090554             1
619  3.307640  735.271839             1
620  3.412468  724.141783             1
621  3.738325  632.076120             1
622  3.313218  665.475028             1
623  3.492179  590.032019             1
624  3.410395  551.311711             1
625  3.532418  677.019051             1
626  3.486941  667.265346             1
627  2.929348  749.633740             1
628  3.764032  611.945766             1
629  2.944457  624.275140             1
630  3.583556  657.689211             1
631  3.567503  570.997409             1
632  2.948845  683.353304             1
633  3.088400  644.033320             1
634  3.785356  633.641188             1
635  2.947545  712.822653             1
636  3.868572  658.912044             1
637  3.440105  702.458099             1
638  3.257304  689.773376             1
639  3.381359  720.718438             1
640  3.083956  556.918021             1
641  3.114419  734.297679             1
642  3.549012  604.697503             1
643  3.532753  588.986175             1
